2536.85 [150 x 249 from (28, 174)]
2536.85 [152 x 200 from (472, 242)]

2603.65 [146 x 177 from (41, 193)]
2603.65 [132 x 198 from (464, 208)]

2669.38 [122 x 185 from (449, 190)]
2669.38 [136 x 164 from (57, 182)]

2733.9 [132 x 164 from (72, 172)]
2733.9 [116 x 169 from (434, 181)]

2802.93 [134 x 142 from (81, 190)]
2802.93 [106 x 156 from (425, 186)]

2898.11 [133 x 149 from (86, 188)]
2898.11 [104 x 152 from (410, 185)]

2973.89 [140 x 154 from (89, 184)]
2973.89 [104 x 149 from (405, 185)]

3040.54 [129 x 138 from (112, 182)]
3040.54 [105 x 149 from (400, 186)]

3108.05 [117 x 125 from (125, 184)]
3108.05 [105 x 150 from (397, 189)]

3203.95 [112 x 124 from (137, 184)]
3203.95 [96 x 148 from (397, 190)]

3269.68 [112 x 129 from (141, 188)]
3269.68 [100 x 137 from (394, 188)]

3331.27 [117 x 134 from (142, 190)]
3331.27 [112 x 138 from (381, 168)]

3398.75 [113 x 124 from (146, 196)]

3472.72 [113 x 125 from (148, 196)]

3539.04 [117 x 125 from (146, 196)]

3604.17 [117 x 121 from (152, 204)]

3670.24 [110 x 120 from (160, 205)]

3749.71 [121 x 133 from (157, 209)]

3837.01 [125 x 137 from (157, 209)]
3837.01 [112 x 170 from (408, 250)]

3905.07 [112 x 161 from (413, 278)]
3905.07 [121 x 128 from (160, 221)]

3983.66 [114 x 160 from (418, 280)]
3983.66 [118 x 126 from (156, 225)]

4068.26 [116 x 160 from (420, 280)]
4068.26 [130 x 141 from (142, 224)]

4142.57 [117 x 164 from (428, 280)]
4142.57 [134 x 138 from (140, 229)]

4207.79 [114 x 165 from (434, 285)]
4207.79 [193 x 173 from (80, 226)]

4273.12 [122 x 166 from (436, 290)]

4335.64 [122 x 161 from (440, 294)]

4411.8 [122 x 168 from (444, 294)]

4473.64 [117 x 158 from (446, 300)]

4539.64 [122 x 168 from (444, 297)]

4610.16 [121 x 182 from (152, 213)]
4610.16 [120 x 158 from (441, 298)]

4673.22 [118 x 161 from (442, 297)]
4673.22 [112 x 182 from (152, 209)]

4737.54 [116 x 158 from (449, 300)]
4737.54 [117 x 172 from (137, 210)]

4804.95 [125 x 166 from (456, 300)]
4804.95 [112 x 156 from (141, 217)]

4881.18 [118 x 158 from (466, 309)]
4881.18 [118 x 170 from (133, 212)]

4944.3 [118 x 158 from (465, 312)]
4944.3 [125 x 174 from (124, 217)]

5007.42 [129 x 181 from (124, 224)]
5007.42 [124 x 164 from (454, 296)]

5074.91 [162 x 202 from (88, 229)]

5138.63 [121 x 162 from (132, 236)]

5212.69 [116 x 160 from (138, 236)]

5280.77 [117 x 166 from (141, 237)]

5347.42 [121 x 168 from (140, 236)]

5414.47 [122 x 173 from (140, 233)]

5480.08 [118 x 168 from (142, 241)]

5543.49 [118 x 166 from (141, 242)]

5606.72 [116 x 172 from (424, 280)]
5606.72 [113 x 157 from (141, 244)]

5686.03 [118 x 160 from (428, 293)]
5686.03 [125 x 172 from (126, 234)]

5751.03 [125 x 161 from (426, 285)]
5751.03 [122 x 162 from (126, 228)]

5817.18 [121 x 158 from (430, 281)]
5817.18 [125 x 162 from (122, 218)]

5885.76 [122 x 164 from (430, 273)]
5885.76 [126 x 161 from (118, 214)]

5953.17 [124 x 165 from (116, 214)]
5953.17 [125 x 164 from (434, 269)]

6016.68 [129 x 162 from (436, 268)]
6016.68 [185 x 202 from (64, 196)]

6080.67 [126 x 164 from (436, 268)]
6080.67 [132 x 140 from (144, 189)]

6148.18 [130 x 168 from (437, 254)]

6214.68 [124 x 165 from (440, 246)]

6282.54 [126 x 162 from (441, 237)]

6388.11 [126 x 166 from (441, 238)]

6450.42 [130 x 166 from (438, 252)]

6518.2 [128 x 161 from (437, 266)]
6518.2 [117 x 174 from (157, 221)]

6586.58 [125 x 180 from (162, 209)]
6586.58 [124 x 165 from (433, 272)]

6655.26 [117 x 165 from (436, 270)]
6655.26 [114 x 168 from (168, 212)]

6718.72 [125 x 166 from (168, 208)]
6718.72 [117 x 168 from (437, 274)]

6788.19 [113 x 166 from (153, 209)]
6788.19 [122 x 165 from (441, 281)]

6852.61 [120 x 170 from (449, 282)]
6852.61 [126 x 178 from (125, 202)]

6915.81 [124 x 177 from (450, 288)]
6915.81 [132 x 181 from (106, 213)]

6990.34 [130 x 178 from (100, 214)]
6990.34 [136 x 154 from (436, 305)]

7056.87 [141 x 182 from (92, 201)]

7123.15 [134 x 186 from (89, 192)]

7187.25 [133 x 185 from (84, 182)]

7252.67 [133 x 186 from (80, 172)]

7321.55 [129 x 189 from (81, 168)]
7321.55 [109 x 145 from (344, 25)]

7386.76 [125 x 181 from (77, 170)]

7449.19 [118 x 174 from (76, 178)]

7526.09 [116 x 176 from (74, 178)]

7593.73 [117 x 174 from (72, 178)]
7593.73 [136 x 168 from (388, 309)]

7656.78 [117 x 172 from (70, 173)]
7656.78 [130 x 181 from (393, 277)]

7725.96 [122 x 166 from (66, 174)]
7725.96 [121 x 169 from (393, 262)]

7787.21 [116 x 176 from (73, 170)]
7787.21 [124 x 174 from (388, 262)]

7853.32 [121 x 188 from (73, 182)]
7853.32 [124 x 172 from (389, 278)]

7919.58 [126 x 204 from (65, 186)]
7919.58 [128 x 173 from (394, 300)]

7981.22 [128 x 173 from (400, 304)]
7981.22 [133 x 157 from (76, 180)]

8057.58 [134 x 164 from (405, 301)]

8126.71 [138 x 181 from (414, 281)]

8189.59 [138 x 177 from (418, 280)]

8257.14 [134 x 178 from (424, 281)]

8322.46 [126 x 169 from (436, 301)]

8388.7 [128 x 164 from (436, 310)]

8454.5 [132 x 180 from (158, 253)]
8454.5 [136 x 173 from (429, 304)]

8523.46 [134 x 154 from (430, 286)]

8586.93 [126 x 154 from (434, 265)]

8659.67 [121 x 158 from (156, 128)]
8659.67 [118 x 161 from (434, 257)]

8726.8 [117 x 158 from (434, 261)]
8726.8 [116 x 176 from (156, 126)]

8786.15 [122 x 169 from (432, 270)]

8852.31 [125 x 172 from (437, 288)]
8852.31 [134 x 178 from (126, 213)]

8929.29 [133 x 189 from (128, 222)]
8929.29 [130 x 166 from (438, 293)]

8993.9 [136 x 180 from (124, 209)]
8993.9 [146 x 176 from (429, 284)]

9054.57 [140 x 176 from (124, 209)]

9124.59 [129 x 189 from (133, 198)]

9192.27 [145 x 205 from (114, 194)]

9264.59 [150 x 185 from (114, 193)]
9264.59 [130 x 141 from (324, 9)]

9327.58 [142 x 181 from (118, 197)]

9393.88 [132 x 182 from (128, 209)]

9460.95 [138 x 164 from (124, 216)]

9535.17 [132 x 168 from (130, 201)]
9535.17 [153 x 172 from (446, 305)]

9599.53 [137 x 164 from (122, 193)]
9599.53 [134 x 189 from (469, 268)]

9669.72 [128 x 173 from (124, 178)]
9669.72 [134 x 177 from (461, 233)]

9761.36 [133 x 177 from (450, 232)]
9761.36 [140 x 173 from (104, 184)]

9838.79 [132 x 182 from (453, 256)]
9838.79 [144 x 180 from (93, 201)]

9937.74 [134 x 178 from (449, 286)]
9937.74 [190 x 209 from (49, 229)]

9999.32 [138 x 180 from (445, 281)]

10067.2 [129 x 180 from (441, 269)]

10132.5 [126 x 177 from (440, 262)]

10199.9 [126 x 184 from (442, 262)]

10261.7 [122 x 172 from (444, 272)]

10328.7 [129 x 180 from (442, 278)]

10395.2 [125 x 176 from (442, 285)]
10395.2 [145 x 206 from (150, 246)]

10463.8 [125 x 165 from (445, 278)]
10463.8 [148 x 177 from (138, 286)]

10538.8 [126 x 162 from (446, 268)]
10538.8 [148 x 186 from (126, 250)]

10605 [121 x 161 from (448, 258)]
10605 [150 x 174 from (142, 225)]

10674.3 [124 x 162 from (444, 257)]
10674.3 [145 x 186 from (145, 221)]

10736.3 [128 x 184 from (156, 232)]
10736.3 [120 x 170 from (444, 272)]

10799.6 [141 x 197 from (140, 244)]
10799.6 [130 x 176 from (441, 301)]

10869.1 [133 x 168 from (137, 289)]
10869.1 [154 x 160 from (420, 317)]

10929.9 [137 x 176 from (133, 273)]

10996.6 [134 x 180 from (133, 250)]

11081.7 [142 x 164 from (129, 249)]

11140.6 [162 x 196 from (82, 253)]

11204 [148 x 173 from (113, 256)]

11266.9 [140 x 176 from (110, 270)]

11331.9 [130 x 170 from (108, 288)]

11397.8 [130 x 165 from (109, 285)]
11397.8 [136 x 189 from (428, 281)]

11473.8 [136 x 177 from (421, 288)]
11473.8 [138 x 174 from (100, 269)]

11543.6 [126 x 169 from (422, 265)]
11543.6 [138 x 169 from (92, 258)]

11608.9 [122 x 164 from (105, 253)]
11608.9 [122 x 172 from (420, 257)]

11677.6 [122 x 172 from (418, 261)]
11677.6 [170 x 205 from (58, 253)]

11738.8 [126 x 166 from (102, 266)]
11738.8 [126 x 176 from (420, 276)]

11806.1 [125 x 158 from (102, 273)]
11806.1 [129 x 170 from (422, 284)]

11870.7 [132 x 166 from (429, 274)]
11870.7 [196 x 218 from (37, 249)]

11937.5 [124 x 168 from (438, 256)]
11937.5 [125 x 156 from (110, 217)]

12014.5 [120 x 166 from (438, 260)]
12014.5 [138 x 160 from (120, 197)]

12078.5 [129 x 172 from (149, 197)]
12078.5 [130 x 182 from (437, 268)]

12139.1 [136 x 161 from (436, 298)]

12207 [129 x 185 from (168, 233)]

12271.8 [165 x 174 from (144, 268)]

12342 [157 x 213 from (137, 241)]

12407 [157 x 192 from (133, 262)]





12743.5 [154 x 165 from (454, 312)]
12743.5 [112 x 137 from (201, 105)]



12947.6 [153 x 218 from (150, 221)]

13008.4 [176 x 182 from (73, 285)]


13143.7 [104 x 144 from (366, 86)]



13342.6 [104 x 144 from (197, 96)]

13413.5 [126 x 164 from (417, 244)]





13751.2 [150 x 124 from (101, 353)]


13880.6 [152 x 129 from (94, 348)]

13948.6 [157 x 150 from (82, 326)]

14016.4 [153 x 168 from (78, 309)]

14086.2 [142 x 174 from (90, 296)]
14086.2 [129 x 157 from (456, 316)]

14150.8 [136 x 170 from (90, 290)]
14150.8 [134 x 170 from (454, 293)]

14220.3 [124 x 164 from (458, 278)]
14220.3 [145 x 177 from (85, 294)]

14285.8 [120 x 173 from (457, 278)]
14285.8 [145 x 166 from (84, 310)]

14350.3 [122 x 172 from (456, 286)]

14426.9 [126 x 166 from (448, 284)]

14514.1 [121 x 162 from (445, 280)]

14590.1 [117 x 156 from (446, 281)]

14653.3 [117 x 161 from (444, 284)]

14723.5 [157 x 196 from (182, 238)]
14723.5 [113 x 154 from (445, 269)]

14789.4 [129 x 177 from (198, 265)]
14789.4 [105 x 140 from (445, 258)]

14854.9 [102 x 133 from (445, 256)]
14854.9 [132 x 217 from (198, 230)]

14923.4 [108 x 145 from (445, 262)]
14923.4 [144 x 162 from (181, 293)]


15059 [138 x 176 from (170, 242)]

15147.9 [137 x 188 from (165, 234)]

15228 [134 x 181 from (161, 240)]

15324.5 [141 x 173 from (161, 266)]

15390.8 [138 x 176 from (436, 230)]
15390.8 [136 x 192 from (170, 238)]

15461.6 [137 x 196 from (176, 222)]
15461.6 [122 x 178 from (452, 217)]

15528.2 [133 x 185 from (454, 221)]
15528.2 [136 x 212 from (162, 209)]

15590.4 [142 x 208 from (157, 224)]
15590.4 [144 x 209 from (436, 248)]

15657.7 [145 x 188 from (160, 261)]
15657.7 [150 x 185 from (438, 292)]

15717.1 [144 x 177 from (446, 298)]

15786.6 [141 x 201 from (433, 276)]

15852.1 [132 x 180 from (434, 258)]

15920.5 [126 x 189 from (438, 257)]

15994.1 [132 x 196 from (440, 274)]

16060.5 [136 x 174 from (445, 300)]

16126 [181 x 177 from (74, 300)]
16126 [132 x 177 from (441, 300)]

16194.8 [134 x 182 from (449, 286)]
16194.8 [157 x 192 from (109, 261)]

16261.9 [144 x 198 from (137, 246)]
16261.9 [133 x 190 from (462, 286)]

16328.4 [145 x 173 from (472, 302)]
16328.4 [154 x 206 from (152, 257)]

16390.6 [166 x 197 from (150, 272)]

16457.2 [168 x 180 from (152, 288)]

16520.8 [162 x 190 from (156, 282)]

16598.9 [156 x 206 from (158, 265)]

16661.3 [177 x 228 from (137, 248)]

16727.8 [160 x 176 from (133, 297)]

16793.5 [153 x 153 from (136, 317)]

16857.7 [170 x 184 from (114, 293)]

16926.9 [184 x 189 from (453, 288)]
16926.9 [173 x 169 from (105, 308)]

16995.4 [188 x 174 from (96, 302)]
16995.4 [184 x 205 from (449, 272)]


17127.9 [184 x 140 from (66, 337)]



17336.2 [158 x 148 from (457, 329)]

17401.2 [161 x 145 from (457, 332)]




17660.3 [152 x 142 from (456, 334)]

17730.3 [208 x 212 from (120, 233)]
17730.3 [162 x 148 from (448, 329)]

17799.3 [166 x 140 from (437, 337)]
17799.3 [192 x 225 from (140, 229)]

17860 [176 x 124 from (433, 353)]
17860 [186 x 204 from (138, 269)]

17937.6 [196 x 178 from (120, 297)]

17998.1 [193 x 205 from (116, 264)]

18068.7 [200 x 201 from (105, 245)]

18136.6 [188 x 221 from (102, 226)]

18198.9 [226 x 216 from (72, 236)]


18330.7 [202 x 192 from (86, 270)]

18406.4 [166 x 213 from (376, 237)]

18473.4 [186 x 246 from (380, 197)]
18473.4 [148 x 198 from (94, 222)]

18540.7 [189 x 265 from (384, 194)]
18540.7 [149 x 196 from (80, 229)]

18608.4 [136 x 194 from (76, 241)]
18608.4 [184 x 249 from (382, 226)]

18674 [180 x 206 from (393, 270)]
18674 [129 x 229 from (58, 174)]

18738.8 [177 x 218 from (390, 258)]

18806.4 [168 x 220 from (400, 257)]

18873.1 [170 x 225 from (410, 252)]

18937.3 [166 x 201 from (426, 276)]
18937.3 [233 x 364 from (0, 13)]


19070 [202 x 273 from (44, 161)]
19070 [166 x 168 from (453, 309)]

19145.6 [174 x 217 from (441, 260)]
19145.6 [226 x 234 from (56, 178)]

19239.4 [185 x 217 from (110, 126)]
19239.4 [166 x 209 from (461, 268)]

19308.2 [181 x 197 from (456, 280)]
19308.2 [189 x 222 from (114, 150)]

19376.8 [180 x 178 from (457, 298)]

19442.6 [202 x 182 from (96, 294)]

19506 [213 x 221 from (69, 256)]

19576.5 [198 x 222 from (65, 241)]

19639.1 [213 x 216 from (49, 244)]

19704.9 [205 x 222 from (34, 254)]

19768.3 [185 x 188 from (26, 289)]


19911.7 [152 x 262 from (28, 146)]

19977.8 [148 x 225 from (32, 62)]




20238.7 [208 x 210 from (42, 266)]

20307.6 [225 x 236 from (56, 236)]

20370.3 [237 x 230 from (52, 241)]

20447.4 [230 x 226 from (54, 250)]

20512.6 [209 x 209 from (64, 268)]

20577.9 [208 x 209 from (52, 268)]

20644.1 [192 x 200 from (56, 277)]

20710.6 [200 x 214 from (45, 262)]

20775.4 [204 x 245 from (21, 232)]

20840 [197 x 234 from (13, 237)]
20840 [133 x 126 from (504, 340)]

20913.7 [189 x 256 from (12, 221)]

20980.2 [185 x 189 from (20, 288)]

21045.2 [194 x 208 from (18, 269)]

21111.4 [178 x 306 from (29, 166)]

21176.1 [176 x 265 from (30, 168)]

21246.3 [165 x 236 from (44, 197)]
21246.3 [194 x 230 from (432, 224)]

21315.2 [165 x 226 from (44, 198)]
21315.2 [166 x 202 from (413, 178)]

21387.8 [165 x 230 from (50, 193)]
21387.8 [150 x 200 from (401, 180)]

21492.7 [161 x 213 from (50, 176)]
21492.7 [161 x 213 from (384, 182)]

21598.5 [156 x 214 from (46, 160)]
21598.5 [148 x 209 from (394, 180)]

21687.6 [157 x 205 from (40, 185)]
21687.6 [144 x 213 from (408, 193)]

21754.6 [146 x 206 from (409, 212)]
21754.6 [154 x 201 from (42, 200)]

21819.2 [152 x 194 from (49, 208)]
21819.2 [145 x 213 from (409, 214)]

21886.4 [149 x 194 from (53, 197)]
21886.4 [149 x 214 from (414, 212)]

21957.5 [149 x 192 from (50, 197)]
21957.5 [142 x 212 from (428, 218)]

22021 [160 x 218 from (45, 193)]

22084.4 [156 x 206 from (44, 216)]

22150.4 [161 x 204 from (40, 214)]

22217.4 [164 x 212 from (34, 212)]

22284.5 [168 x 192 from (28, 218)]

22346.6 [149 x 205 from (36, 212)]

22414.7 [156 x 222 from (33, 200)]

22487 [164 x 208 from (32, 233)]

22554.5 [156 x 213 from (22, 208)]
22554.5 [193 x 180 from (426, 297)]

22621.6 [150 x 200 from (12, 192)]
22621.6 [189 x 233 from (445, 242)]

22692.1 [156 x 190 from (0, 186)]
22692.1 [174 x 254 from (457, 188)]

22758.2 [169 x 248 from (453, 182)]
22758.2 [148 x 198 from (0, 174)]

22820.5 [145 x 202 from (0, 188)]
22820.5 [174 x 264 from (453, 188)]

22887.1 [150 x 217 from (0, 198)]
22887.1 [178 x 245 from (452, 221)]

22955.8 [154 x 205 from (2, 216)]
22955.8 [189 x 238 from (441, 238)]

23019.3 [156 x 208 from (5, 197)]
23019.3 [172 x 240 from (444, 237)]

23098.6 [154 x 198 from (10, 192)]
23098.6 [192 x 216 from (424, 260)]

23162.4 [166 x 204 from (10, 194)]

23256.5 [168 x 204 from (25, 201)]

23322.6 [182 x 221 from (28, 214)]

23388.1 [185 x 229 from (24, 210)]

23453.4 [168 x 229 from (20, 206)]

23518.4 [162 x 246 from (12, 178)]

23583.9 [174 x 256 from (2, 202)]

23662.7 [173 x 214 from (5, 249)]

23732.3 [164 x 265 from (5, 182)]
23732.3 [189 x 264 from (420, 209)]

23798.4 [177 x 264 from (437, 194)]
23798.4 [165 x 240 from (1, 185)]

23864.3 [160 x 206 from (8, 194)]
23864.3 [190 x 281 from (434, 190)]

23928.5 [166 x 257 from (5, 173)]
23928.5 [196 x 248 from (437, 229)]

23993.6 [173 x 236 from (9, 229)]
23993.6 [181 x 212 from (446, 265)]

24063.7 [181 x 204 from (450, 273)]
24063.7 [165 x 248 from (20, 229)]

24129.5 [176 x 221 from (38, 224)]
24129.5 [189 x 201 from (446, 276)]

24196.5 [181 x 189 from (452, 288)]

24260.8 [180 x 177 from (442, 300)]

24323.5 [178 x 162 from (448, 314)]





24670.4 [220 x 256 from (128, 146)]

24738.5 [185 x 242 from (130, 137)]
24738.5 [178 x 181 from (458, 296)]

24799.2 [177 x 180 from (446, 297)]
24799.2 [202 x 222 from (125, 172)]

24863.7 [169 x 157 from (450, 320)]
24863.7 [186 x 222 from (141, 202)]

24927.1 [216 x 256 from (113, 216)]

24994.9 [190 x 246 from (121, 230)]

25058.7 [189 x 213 from (125, 264)]

25139.2 [192 x 193 from (120, 272)]

25201.4 [193 x 224 from (104, 253)]

25269.8 [210 x 204 from (86, 273)]

25331.4 [205 x 197 from (73, 278)]

25398.3 [188 x 182 from (60, 294)]

25463.8 [185 x 180 from (41, 290)]

25540.9 [165 x 182 from (33, 294)]
25540.9 [201 x 218 from (276, 258)]

25605.7 [181 x 225 from (298, 244)]
25605.7 [178 x 166 from (12, 310)]

25670.3 [176 x 237 from (297, 230)]
25670.3 [162 x 146 from (8, 330)]

25736.5 [188 x 212 from (308, 265)]

25803 [181 x 176 from (316, 301)]

25867 [177 x 173 from (337, 304)]

25932 [186 x 174 from (338, 302)]
25932 [142 x 202 from (17, 61)]

25996.1 [170 x 168 from (349, 309)]

26057.9 [169 x 176 from (358, 301)]

26134.9 [176 x 157 from (360, 320)]

26197.3 [158 x 156 from (360, 321)]

26268.8 [146 x 188 from (370, 286)]
26268.8 [212 x 213 from (100, 264)]

26335.8 [160 x 180 from (369, 280)]
26335.8 [190 x 201 from (68, 276)]

26399.9 [145 x 166 from (373, 284)]
26399.9 [176 x 166 from (44, 310)]

26465.4 [168 x 157 from (42, 320)]
26465.4 [150 x 177 from (365, 288)]

26528.8 [161 x 166 from (25, 310)]
26528.8 [154 x 172 from (356, 289)]

26603.3 [160 x 166 from (24, 310)]
26603.3 [246 x 198 from (338, 250)]

26665.1 [160 x 165 from (21, 312)]

26732.3 [162 x 162 from (16, 314)]

26798.3 [154 x 142 from (30, 334)]

26863 [161 x 141 from (44, 336)]

26930.8 [168 x 142 from (45, 334)]

26998.4 [181 x 142 from (42, 334)]

27063.2 [154 x 142 from (78, 334)]




27342.6 [144 x 134 from (158, 66)]

27411.5 [142 x 130 from (176, 42)]



27640.5 [158 x 133 from (197, 0)]



27846.8 [208 x 260 from (61, 186)]

27911.3 [180 x 213 from (78, 236)]
27911.3 [170 x 144 from (377, 333)]

27977.2 [165 x 162 from (366, 314)]

28041.7 [168 x 176 from (360, 301)]
28041.7 [172 x 153 from (26, 324)]

28111.6 [165 x 193 from (344, 284)]
28111.6 [162 x 132 from (10, 345)]

28168.8 [160 x 116 from (10, 361)]

28243.9 [154 x 113 from (8, 364)]


28377.5 [158 x 129 from (0, 348)]

28441.4 [156 x 129 from (0, 348)]




28717.3 [146 x 148 from (0, 329)]
28717.3 [152 x 265 from (485, 149)]

28784 [146 x 160 from (0, 317)]
28784 [136 x 257 from (501, 173)]

28848.4 [134 x 253 from (502, 190)]
28848.4 [144 x 174 from (0, 302)]

28916 [134 x 232 from (502, 209)]
28916 [150 x 176 from (0, 301)]

28982.7 [133 x 233 from (504, 217)]
28982.7 [158 x 177 from (0, 300)]

29047.1 [145 x 232 from (492, 224)]
29047.1 [177 x 209 from (10, 248)]

29118.5 [153 x 226 from (484, 237)]

29183.1 [160 x 234 from (477, 242)]

29251.1 [156 x 228 from (481, 248)]

29317.6 [156 x 229 from (481, 248)]

29382.9 [152 x 233 from (485, 244)]

29452.1 [157 x 197 from (480, 270)]

29530 [164 x 196 from (0, 130)]
29530 [153 x 197 from (484, 280)]

29618.4 [150 x 202 from (486, 274)]
29618.4 [129 x 254 from (0, 85)]

29682.2 [122 x 238 from (0, 109)]
29682.2 [146 x 208 from (490, 268)]

29748.7 [120 x 236 from (0, 140)]
29748.7 [149 x 192 from (488, 272)]

29813.7 [144 x 190 from (493, 286)]
29813.7 [125 x 220 from (0, 172)]

29883.3 [126 x 225 from (0, 210)]
29883.3 [158 x 188 from (478, 289)]









30492.7 [236 x 192 from (212, 238)]

30559.4 [178 x 210 from (272, 237)]

30626.6 [189 x 236 from (264, 225)]

30695.8 [194 x 210 from (256, 248)]

30757.3 [200 x 201 from (254, 244)]

30828.5 [222 x 214 from (240, 237)]

30895.5 [214 x 226 from (241, 226)]

30991.2 [217 x 206 from (250, 242)]

31054.3 [209 x 201 from (253, 246)]

31134.8 [205 x 217 from (262, 232)]

31231.5 [216 x 185 from (270, 264)]

31296.3 [150 x 186 from (44, 161)]
31296.3 [209 x 184 from (277, 269)]

31366.1 [146 x 177 from (34, 184)]
31366.1 [196 x 184 from (281, 260)]

31462.4 [209 x 196 from (274, 254)]
31462.4 [146 x 254 from (28, 180)]

31523.6 [156 x 220 from (8, 238)]
31523.6 [202 x 185 from (268, 266)]

31591.3 [152 x 193 from (6, 284)]
31591.3 [192 x 180 from (274, 281)]

31656.9 [216 x 193 from (270, 277)]
31656.9 [149 x 172 from (0, 305)]

31730.9 [204 x 212 from (242, 241)]
31730.9 [140 x 173 from (0, 304)]

31793.3 [124 x 160 from (0, 317)]








32326 [166 x 148 from (470, 329)]

32393.9 [138 x 130 from (5, 346)]

32459.8 [153 x 148 from (484, 329)]
32459.8 [148 x 138 from (2, 338)]

32527.3 [148 x 146 from (489, 330)]
32527.3 [156 x 142 from (4, 334)]

32591.7 [161 x 138 from (10, 338)]
32591.7 [141 x 152 from (496, 322)]

32659.1 [160 x 142 from (20, 334)]
32659.1 [140 x 157 from (497, 312)]

32732 [168 x 150 from (14, 326)]
32732 [130 x 161 from (506, 301)]

32798.2 [136 x 178 from (501, 289)]
32798.2 [160 x 210 from (24, 265)]

32863.5 [132 x 185 from (505, 274)]

32931.2 [133 x 192 from (504, 276)]
32931.2 [161 x 182 from (49, 117)]

32997 [137 x 192 from (500, 278)]

33060.6 [144 x 197 from (493, 280)]

33136.1 [142 x 185 from (494, 292)]

33200 [145 x 178 from (492, 298)]

33263.8 [180 x 170 from (450, 306)]

33332.4 [206 x 240 from (68, 221)]

33399.2 [206 x 249 from (68, 209)]

33467.4 [200 x 237 from (66, 218)]

33530.8 [196 x 244 from (62, 217)]

33605.9 [216 x 268 from (41, 201)]

33668.9 [198 x 244 from (20, 233)]

33733.6 [141 x 216 from (18, 161)]

33801.2 [156 x 161 from (481, 310)]
33801.2 [126 x 186 from (10, 105)]

33868.3 [154 x 162 from (482, 308)]
33868.3 [136 x 164 from (21, 46)]

33932.7 [165 x 177 from (472, 300)]

34000.8 [165 x 178 from (472, 298)]

34064.6 [160 x 184 from (477, 293)]

34143.3 [165 x 184 from (469, 293)]

34206 [180 x 217 from (44, 205)]

34271.6 [164 x 208 from (61, 180)]

34340.3 [168 x 212 from (64, 178)]

34407.4 [161 x 206 from (58, 174)]

34473.7 [166 x 224 from (41, 176)]

34540.5 [172 x 224 from (25, 198)]

34605.5 [180 x 226 from (8, 221)]

34670 [170 x 242 from (9, 170)]

34742.3 [152 x 232 from (4, 98)]

34799.1 [148 x 186 from (6, 44)]

34878.1 [182 x 206 from (368, 270)]

34944.3 [177 x 220 from (369, 257)]

35009.8 [176 x 236 from (356, 237)]

35078.2 [186 x 234 from (346, 241)]

35143.3 [185 x 238 from (348, 238)]

35202.8 [180 x 233 from (352, 238)]

35279 [181 x 209 from (360, 262)]

35347.6 [184 x 212 from (365, 265)]
35347.6 [197 x 376 from (6, 48)]

35415.1 [181 x 256 from (364, 221)]
35415.1 [185 x 285 from (0, 189)]

35478.8 [165 x 257 from (0, 220)]

35542.5 [184 x 228 from (0, 249)]

35609.7 [192 x 226 from (0, 250)]

35674 [177 x 240 from (0, 237)]

35739.8 [172 x 229 from (0, 248)]

35804 [161 x 214 from (0, 262)]




36081.1 [266 x 206 from (232, 244)]

36150.5 [220 x 244 from (289, 230)]
36150.5 [138 x 232 from (0, 242)]

36214 [218 x 248 from (297, 229)]

36282.7 [213 x 226 from (300, 234)]

36350 [210 x 244 from (312, 224)]

36418.4 [229 x 248 from (305, 221)]

36510.4 [218 x 244 from (312, 220)]

36588.4 [233 x 253 from (300, 222)]

36654.7 [222 x 249 from (320, 218)]

36718.7 [222 x 242 from (326, 228)]

36784.1 [205 x 237 from (354, 229)]

36849.7 [202 x 226 from (364, 241)]

36913.4 [205 x 237 from (360, 240)]

36986 [182 x 230 from (368, 234)]
36986 [216 x 266 from (0, 210)]

37085.8 [202 x 252 from (349, 205)]
37085.8 [217 x 217 from (0, 260)]

37157.2 [173 x 274 from (369, 198)]
37157.2 [186 x 178 from (32, 298)]

37219.6 [192 x 158 from (28, 318)]

37283.5 [178 x 137 from (37, 340)]


37412.8 [188 x 202 from (21, 274)]

37477.7 [186 x 221 from (4, 256)]

37543.3 [184 x 216 from (0, 261)]

37619 [170 x 201 from (2, 276)]

37683.6 [166 x 182 from (0, 294)]

37749.8 [157 x 166 from (0, 310)]

37815.2 [141 x 166 from (0, 310)]

37885 [130 x 173 from (0, 304)]
37885 [200 x 153 from (418, 324)]

37951.6 [124 x 172 from (0, 301)]
37951.6 [192 x 138 from (440, 338)]

38021.5 [182 x 140 from (450, 337)]

38087.6 [181 x 149 from (456, 328)]

38155.1 [134 x 129 from (0, 348)]
38155.1 [165 x 158 from (472, 318)]

38221.2 [130 x 109 from (6, 365)]
38221.2 [161 x 158 from (476, 318)]

38286.8 [165 x 152 from (472, 325)]

38355 [164 x 168 from (473, 309)]
38355 [172 x 201 from (9, 165)]

38421.7 [157 x 185 from (480, 292)]

38487.8 [156 x 200 from (481, 277)]



38683.7 [148 x 174 from (489, 292)]

38760.3 [162 x 258 from (17, 88)]
38760.3 [152 x 198 from (482, 266)]

38824.9 [161 x 197 from (472, 246)]
38824.9 [132 x 229 from (6, 166)]

38892 [150 x 185 from (478, 232)]

38960.2 [148 x 198 from (480, 220)]

39025 [146 x 217 from (478, 217)]
39025 [146 x 206 from (0, 270)]

39088.8 [156 x 212 from (465, 210)]
39088.8 [158 x 181 from (1, 296)]

39165.5 [160 x 192 from (0, 285)]

39254 [168 x 210 from (0, 266)]

39321.3 [169 x 180 from (4, 297)]

39396.4 [170 x 177 from (12, 300)]

39460.1 [157 x 178 from (17, 298)]

39524.6 [160 x 174 from (10, 302)]

39592.5 [154 x 166 from (4, 310)]

39661.7 [153 x 173 from (2, 304)]
39661.7 [229 x 186 from (232, 252)]

39728.2 [149 x 186 from (0, 290)]
39728.2 [197 x 222 from (264, 233)]

39803.9 [185 x 208 from (270, 262)]
39803.9 [145 x 169 from (0, 308)]

39890.6 [177 x 225 from (278, 240)]
39890.6 [150 x 146 from (0, 330)]

39973.9 [196 x 234 from (270, 234)]
39973.9 [149 x 136 from (6, 341)]

40058.8 [188 x 222 from (274, 241)]
40058.8 [141 x 134 from (18, 342)]

40135.4 [234 x 218 from (246, 242)]
40135.4 [149 x 134 from (20, 342)]

40201 [209 x 218 from (272, 254)]

40271.2 [173 x 198 from (289, 262)]

40332.9 [186 x 198 from (280, 278)]

40395.8 [205 x 214 from (273, 262)]





40793.2 [152 x 124 from (282, 0)]



40995.4 [158 x 257 from (50, 168)]

41059.4 [150 x 182 from (48, 186)]

41139.9 [145 x 174 from (45, 182)]

41205.3 [134 x 164 from (49, 177)]

41295.2 [128 x 160 from (57, 132)]

41366 [124 x 149 from (60, 114)]

41430.8 [120 x 149 from (73, 94)]
41430.8 [209 x 189 from (274, 285)]

41510.5 [202 x 185 from (285, 289)]
41510.5 [117 x 141 from (84, 86)]

41607 [126 x 156 from (88, 78)]
41607 [210 x 202 from (280, 270)]

41671.1 [138 x 169 from (82, 81)]


41802.6 [178 x 294 from (0, 156)]
41802.6 [190 x 269 from (258, 130)]

41866.7 [205 x 253 from (6, 206)]

41934.6 [197 x 282 from (0, 182)]

42009.6 [197 x 284 from (0, 193)]

42072.7 [118 x 114 from (320, 21)]

42136.5 [201 x 264 from (0, 213)]

42201.4 [174 x 261 from (16, 165)]

42266 [145 x 210 from (34, 90)]


42402.7 [128 x 166 from (70, 25)]
42402.7 [205 x 222 from (272, 248)]

42480.4 [122 x 158 from (81, 18)]
42480.4 [220 x 221 from (273, 256)]

42545.5 [124 x 152 from (76, 18)]
42545.5 [225 x 214 from (266, 253)]

42611 [128 x 168 from (65, 14)]
42611 [210 x 225 from (268, 233)]

42675.1 [204 x 272 from (280, 205)]









43274.2 [148 x 268 from (0, 209)]

43342.5 [154 x 213 from (0, 176)]

43411.9 [144 x 193 from (22, 86)]

43482.9 [233 x 196 from (262, 274)]

43551 [218 x 218 from (270, 257)]

43645 [201 x 210 from (277, 250)]

43710.8 [169 x 169 from (4, 308)]

43772.9 [177 x 186 from (0, 290)]

43849.7 [181 x 188 from (0, 289)]

43914.9 [189 x 201 from (0, 276)]

43979.3 [177 x 180 from (2, 297)]

44042.4 [174 x 161 from (6, 316)]


44188 [174 x 150 from (10, 326)]

44274.7 [190 x 225 from (305, 252)]
44274.7 [181 x 190 from (6, 286)]

44352.9 [181 x 224 from (314, 253)]

44421 [197 x 234 from (301, 242)]

44485.8 [229 x 214 from (276, 262)]

44554.8 [190 x 221 from (313, 256)]

44614.7 [233 x 234 from (269, 240)]








45182.5 [140 x 230 from (5, 154)]


45329.4 [225 x 241 from (238, 201)]

45393.1 [220 x 265 from (244, 180)]

45459.9 [242 x 252 from (250, 198)]

45523 [190 x 394 from (10, 36)]

45587.2 [184 x 274 from (30, 181)]

45652.9 [200 x 286 from (0, 190)]

45718.9 [202 x 212 from (2, 265)]

45785.3 [201 x 206 from (2, 270)]

45851.2 [190 x 196 from (0, 281)]

45915.7 [194 x 210 from (0, 266)]

45980.9 [173 x 284 from (20, 186)]
45980.9 [272 x 289 from (242, 132)]

46059.1 [156 x 217 from (46, 121)]
46059.1 [214 x 225 from (284, 248)]

46127.1 [210 x 221 from (300, 256)]

46197 [206 x 228 from (304, 217)]

46262.7 [213 x 230 from (306, 216)]

46330.3 [192 x 233 from (329, 210)]

46389.9 [176 x 232 from (338, 190)]


46524.3 [213 x 212 from (25, 265)]

46586.8 [214 x 213 from (18, 264)]

46653.6 [210 x 209 from (22, 262)]

46727.3 [189 x 205 from (37, 270)]

46792.1 [192 x 202 from (30, 274)]

46854.3 [198 x 252 from (38, 225)]


46992.6 [202 x 228 from (329, 249)]

47051.6 [198 x 226 from (342, 249)]

47123.8 [200 x 226 from (333, 249)]

47197.1 [193 x 236 from (334, 241)]

47260 [189 x 224 from (336, 242)]


47392.9 [212 x 213 from (16, 264)]

47457.8 [193 x 233 from (5, 244)]

47531.3 [194 x 222 from (0, 254)]

47592.2 [192 x 222 from (5, 254)]

47657.5 [206 x 212 from (6, 265)]

47715 [190 x 262 from (22, 214)]

47794.4 [156 x 245 from (42, 165)]

47861.6 [145 x 209 from (60, 94)]

47927.9 [228 x 214 from (269, 262)]

47997.9 [197 x 228 from (285, 238)]

48062.7 [216 x 230 from (276, 234)]

48126.6 [241 x 225 from (268, 241)]

48200.7 [210 x 210 from (286, 256)]


48327.8 [182 x 160 from (64, 317)]

48389.4 [197 x 161 from (34, 316)]

48466.4 [194 x 152 from (30, 325)]

48530.3 [190 x 146 from (33, 330)]

48600 [189 x 150 from (33, 326)]



48794.1 [204 x 232 from (330, 230)]

48869.8 [210 x 260 from (341, 194)]

48934 [238 x 249 from (322, 202)]

48999.9 [210 x 250 from (329, 209)]

49067.9 [242 x 242 from (317, 217)]


49207.8 [204 x 169 from (41, 308)]

49275.5 [184 x 172 from (21, 305)]


49432.2 [186 x 178 from (42, 298)]

49494.5 [200 x 174 from (40, 302)]


49631.5 [226 x 204 from (261, 273)]

49701.5 [224 x 180 from (278, 297)]

49770.8 [189 x 233 from (317, 240)]

49835.6 [209 x 206 from (300, 269)]

49909.3 [204 x 225 from (302, 252)]

49974.1 [210 x 209 from (301, 268)]


50112.8 [221 x 164 from (46, 313)]

50170.6 [205 x 178 from (46, 298)]

50235.5 [212 x 201 from (10, 276)]

50313.9 [205 x 218 from (0, 258)]

50376.2 [185 x 214 from (1, 262)]

50434.8 [190 x 232 from (0, 245)]

50497.2 [169 x 269 from (9, 168)]

50576.9 [208 x 208 from (348, 260)]
50576.9 [148 x 216 from (30, 77)]

50637.9 [204 x 241 from (350, 236)]

50709.5 [201 x 226 from (345, 250)]

50777.9 [210 x 230 from (334, 246)]

50842.4 [197 x 228 from (341, 249)]

50909.3 [189 x 232 from (334, 237)]

50977.2 [204 x 290 from (28, 186)]

51042.8 [206 x 238 from (0, 238)]

51107.7 [170 x 208 from (0, 266)]

51169.2 [157 x 188 from (0, 278)]





51510 [228 x 232 from (284, 236)]

51586.7 [217 x 230 from (301, 234)]

51648.8 [225 x 217 from (290, 229)]

51714.2 [225 x 254 from (288, 217)]

51794.7 [244 x 246 from (269, 216)]

51878.2 [230 x 220 from (274, 238)]
51878.2 [206 x 357 from (17, 120)]

51951.6 [221 x 226 from (284, 220)]
51951.6 [208 x 229 from (44, 248)]

52017.1 [277 x 246 from (272, 196)]
52017.1 [201 x 200 from (21, 277)]

52081.8 [248 x 226 from (264, 181)]


52240.8 [146 x 121 from (53, 356)]





52585.4 [214 x 210 from (286, 258)]

52652.5 [186 x 204 from (320, 273)]

52717.9 [182 x 186 from (316, 285)]

52781.1 [194 x 218 from (296, 258)]

52854.8 [206 x 210 from (288, 266)]
52854.8 [184 x 161 from (0, 316)]

52924.9 [214 x 200 from (280, 277)]

52990.7 [234 x 205 from (273, 272)]

53052.8 [212 x 210 from (281, 266)]
53052.8 [186 x 157 from (16, 320)]

53122.8 [186 x 150 from (13, 326)]
53122.8 [209 x 196 from (289, 273)]

53183.9 [192 x 168 from (312, 309)]

53254.6 [205 x 148 from (309, 329)]
